0.1
0.1
0.1
0.1
0.1
0.1
0.1
0.1
0.1
0.1
0.1
0.1
0.1
0.1
0.1
0.1
0.1
1.1
1.1
0.1
0.1
0.1
0.1
0.1
0.1
0.1
0.1
0.1
0.1
0.1
0.1
0.1
0.1
0.1
0.1
0.1
0.1
0.1
0.1
0.1
0.1
0.1
0.1
0.1
0.1
1.1
0.1
0.1
0.1
0.1
0.1
0.1
0.1
0.1
0.1
1.1
1.1
1.1
1.1
1.1
1.1
1.1
1.1
1.1
1.1
0.1
0.1
0.1
0.1
0.1
0.1
0.1
0.1
0.1
0.1
0.1
0.1
1.1
1.1
1.1
0.1
0.1
0.1
0.1
0.1
0.1
0.1
0.1
0.1
0.1
0.1
0.1
0.1
0.1
0.1
0.1
0.1
0.1
0.1
0.1
0.1
0.1
0.1
0.1
0.1
1.1
1.1
1.1
1.1
1.1
1.1
1.1
0.1
0.1
0.1
0.1
0.1
0.1
0.1
0.1
1.1
0.1
0.1
1.1
1.1
1.1
0.1
0.1
0.1
0.1
0.1
0.1
0.1
0.1
0.1
0.1
0.1
0.1
0.1
0.1
0.1
0.1
0.1
0.1
0.1
0.1
1.1
0.1
0.1
0.1
0.1
0.1
1.1
0.1
0.1
0.1
0.1
0.1
0.1
0.1
0.1
0.1
0.1
0.1
0.1
0.1
0.1
0.1
0.1
0.1
0.1
0.1
0.1
0.1
0.1
0.1
0.1
0.1
0.1
0.1
0.1
0.1
0.1
0.1
0.1
0.1
0.1
0.1
0.1
0.1
0.1
0.1
0.1
0.1
0.1
0.1
0.1
0.1
0.1
0.1
0.1
0.1
0.1
1.1
1.1
1.1
1.1
1.1
0.1
0.1
0.41324
0.39744
0.39191000000000004
0.41119
0.61946
0.41558
0.41241
0.47002
0.43381000000000003
1.05978
1.74305
4.03395
0.38383
0.40514
0.42316000000000004
0.38999
0.42339
0.38802
0.42119
0.42072000000000004
0.40044
0.51324
1.65558
0.44604000000000005
0.56131
0.39354
0.47141000000000005
0.46148
0.45966
2.4095500000000003
0.47606
0.38227999999999995
0.39143
0.39807
0.42085
0.46445
0.40345
0.44449
0.40138999999999997
0.41445
0.45949
0.38581
0.39119
0.4025
0.42973
0.41567000000000004
0.40636
0.41628
0.56872
0.4153
0.4075
0.4895
0.38115
0.40016
0.43572000000000005
0.43997
0.38827
0.38187
0.38719
0.38665
0.49245999999999995
0.47281
0.40599
0.39582
0.41788
0.42083
0.47211000000000003
0.41052
0.40593
0.4388
0.42264999999999997
0.39399
0.39353
0.40325
0.39617
0.38925
0.39924
0.43161
0.47439
0.40052
0.45746
0.44195999999999996
0.45004
0.49323
0.41252999999999995
0.39025
0.46918
1.16052
1.25224
0.42898000000000003
0.39388999999999996
0.39673
0.49243000000000003
0.39844
0.39435000000000003
0.6567000000000001
0.45667
0.40294
0.57513
0.40134
1.23938
0.46519
0.39915
0.44173
0.40220999999999996
0.40244
1.22896
0.56849
0.39869
0.43195999999999996
0.40419
0.39862000000000003
1.22147
0.40372
0.46025
0.42218
0.42442
0.41286
1.07958
0.42424
0.40847
0.46686
0.40752999999999995
0.44689999999999996
0.48325
0.39204
1.26673
1.13636
2.3726
0.42810000000000004
2.59268
1.98688
6.4118
0.40582999999999997
0.42667
0.48271
0.43376
0.64003
0.43251
0.42804000000000003
0.53527
0.43241
0.42673
0.55602
0.5237200000000001
0.42855
0.41487999999999997
0.43559
0.40334
0.416
0.42607
0.40947
0.40231
0.39503
0.40141000000000004
0.41561000000000003
0.40418
0.43647
0.40558
0.39476
0.42626
0.41441
0.49288
0.40488
1.1366800000000001
0.41702999999999996
0.39280000000000004
0.41877
0.44055
0.38903
0.4004
0.39633999999999997
0.40836
0.40206000000000003
0.54465
0.41808
0.39924
0.39666
0.38983
0.38162
0.3939
1.0934599999999999
1.41568
0.39438
0.47613
0.56936
0.80572
0.41325
0.41576
0.44921
0.41910000000000003
0.53895
0.39064
1.5442
1.4388999999999998
1.5324200000000001
1.18931
0.4161
0.51202
0.41517000000000004
1.46493
1.15762
0.44797000000000003
0.40326
0.50196
0.39508
0.40779000000000004
0.39565
0.42831
1.58986
1.30458
0.45125
1.40337
1.81612
0.40282999999999997
0.47408999999999996
0.71313
0.38832
0.42146
1.50235
0.40146
1.40321
0.39592
0.42248
0.399
0.37942000000000004
1.27619
1.27596
1.10065
1.59738
1.21748
1.1889
0.42878
0.40506
0.43049
0.40981
1.24498
1.43933
1.42442
1.18258
0.40702
0.39137
0.39167
0.38830000000000003
0.53428
0.39576999999999996
0.39198
1.12884
1.09853
0.40088
0.39252
0.38543
0.3885
0.38571
1.10344
0.50268
1.25606
1.11551
1.1322
1.19411
0.41287999999999997
0.44007
0.46199
0.46418
1.37368
0.40404
0.42910000000000004
0.41294
1.11817
0.37781
0.40225
0.40901
0.38386000000000003
1.68557
0.40235000000000004
0.39381
0.37812
0.38673
0.38253
0.39064
0.39666
0.39509
0.3836
1.15298
0.39156
0.62688
0.39113
1.10867
1.1020699999999999
0.45330000000000004
0.46625
0.44051
0.41364999999999996
1.40849
0.42908999999999997
0.44867
0.38853
0.38097000000000003
0.38091
0.47179000000000004
0.46016
1.29888
0.42721
0.64397
0.37657999999999997
1.51307
0.37018
0.40973000000000004
0.40635000000000004
0.38159
0.38377999999999995
0.39576
0.40014
0.37714
